1	1	7	1	342	1	1	2	118	1	1	1	1	3	76	1	1	1	35	9	9	1	1	1	5	1	
1	1	9	9	2	2	3	1	1	1	1	5	11	5	1	10	1	1	2	1	1	1	8	1	1	1	
6	5	1	16	1	9	5	1	1	1	1	1	7	9	1	10	2	5	39	40	1	3	7	1	1	1	
1	10	13	1	12	1	5	5	1	1	2	3	7	3	1	1	1	43	30	22	1	1	4	1	2	1	
388	1	3	11	1	2	2	1	89	1	1	3	1	5	93	1	1	14	12	6	15	1	1	1	18	1	
1	15	1	3	1	1	5	2	1	1	1	3	4	1	1	1	1	6	4	12	1	1	2	1	1	1	
4	1	11	11	9	2	1	1	1	1	1	3	1	1	2	1	3	5	13	21	1	1	1	1	3	1	
1	8	1	3	1	1	1	1	1	1	2	1	12	14	2	3	1	3	1	11	1	1	2	1	1	1	
103	1	1	1	146	1	1	1	1	1	1	6	1	1	49	1	1	1	2	1	47	1	2	1	15	1	
1	1	1	9	1	1	1	1	1	1	1	2	1	1	1	1	1	1	5	1	1	1	1	1	1	1	
1	2	8	4	1	1	2	5	1	1	1	1	5	1	2	1	1	1	6	1	1	1	4	1	1	3	
2	10	1	4	1	4	5	6	13	1	1	1	1	14	2	5	1	11	10	2	1	1	1	1	1	1	
1	3	7	8	1	2	1	6	1	1	4	4	1	180	1	6	1	1	9	15	13	3	2	2	3	1	
2	7	6	5	3	1	1	19	1	1	4	35	78	1	1	7	1	28	5	7	1	1	1	2	1	2	
91	1	1	3	116	1	1	1	25	1	2	1	1	1	1	14	1	2	4	14	39	1	1	1	18	1	
1	11	1	2	1	6	5	1	2	9	1	2	7	6	15	1	1	1	3	6	1	4	1	1	1	1	
1	1	1	1	1	1	27	1	1	1	1	1	1	1	1	1	1	1	1	1	1	1	1	1	1	1	
1	14	1	30	12	2	2	8	2	1	5	8	4	20	1	14	1	1	12	22	4	1	1	1	1	1	
11	8	27	33	35	4	1	1	1	1	1	27	1	6	1	7	1	14	1	15	1	1	5	3	20	1	
3	4	9	42	7	5	19	5	1	1	1	14	9	5	5	6	1	11	37	1	1	2	19	1	7	6	
20	1	1	1	44	1	1	1	64	1	1	1	1	2	43	1	1	4	1	1	1	1	2	1	8	1	
1	1	7	1	1	3	1	1	1	1	1	1	1	1	1	1	1	1	8	3	1	1	1	1	1	1	
2	2	1	1	1	1	1	2	1	1	1	1	1	1	1	7	1	6	3	3	1	1	1	1	1	1	
1	1	1	2	1	1	1	1	1	1	1	1	1	1	1	1	1	1	9	1	1	1	1	1	1	1	
1	1	2	1	15	1	1	7	15	1	1	1	2	1	6	1	1	7	36	8	5	1	1	1	1	1	
1	1	1	7	1	1	1	1	1	1	1	7	5	1	1	1	1	2	21	3	1	1	1	1	3	1	
